7143
3678
1284
1282
1278
1292
2335
1277
3339
3915
3371
1293
3912
7057
3381
960
6696
1290
8572
1281
1289
7431
2318
9124
72
478
10398
633
7422
87
2012
1295
57642
5054
3383
2152
6347
7477
55502
388585
534
4318
5329
4478
5328
3236
4060
2562
2893
2556
2891
773
2902
2563
929
5327
715
5265
3426
710
84790
9902
2213
9103
2212
4481
2214
55240
3486
56475
1647
10912
7076
3101
3939
230
4878
3162
9021
3767
6833
59
6511
10814
10815
6616
2898
2550
11255
117
885
